gerarchico: 196752213374.95956
k-means: 95382765365.33682