gerarchico: 317.4213626384735
k-means: 0.2623023986816406